Matriz de correlación:
           hdlngth    skullw  totlngth     taill  footlgth  earconch       eye     chest     belly
hdlngth   1.000000  0.710827  0.691094  0.287429  0.391605  0.121463  0.347175  0.631498  0.562663
skullw    0.710827  1.000000  0.526413  0.255921  0.275059 -0.000537  0.321991  0.629737  0.451838
totlngth  0.691094  0.526413  1.000000  0.565646  0.444832  0.154484  0.247786  0.577890  0.519465
taill     0.287429  0.255921  0.565646  1.000000 -0.126277 -0.385136  0.198134  0.174997  0.294493
footlgth  0.391605  0.275059  0.444832 -0.126277  1.000000  0.783050  0.005213  0.450590  0.302584
earconch  0.121463 -0.000537  0.154484 -0.385136  0.783050  1.000000 -0.165092  0.199230  0.066527
eye       0.347175  0.321991  0.247786  0.198134  0.005213 -0.165092  1.000000  0.149338  0.235716
chest     0.631498  0.629737  0.577890  0.174997  0.450590  0.199230  0.149338  1.000000  0.606170
belly     0.562663  0.451838  0.519465  0.294493  0.302584  0.066527  0.235716  0.606170  1.000000
